---
build/img/background.jpg: 2015-07-16 15:37:09.000000000 +02:00
build/img/bruxelles.jpg: 2015-07-16 15:37:08.000000000 +02:00
build/img/logo.png: 2015-07-16 15:37:07.000000000 +02:00
build/img/london.jpg: 2015-07-16 15:37:08.000000000 +02:00
build/img/nantes.jpg: 2015-07-16 15:37:08.000000000 +02:00
